6 12  8 16  0  1
    Carbon Monoxide 
    0.001  0.6  15.   0.0001                          % RH RMIN RMAX EPS 
    189  -1  0  0.0D0                             % NTP LPPOT IOMEG  VLIM 
    8 0  2  1  0.D5                                   % NUSE IR2 ILR NCN CNN 
    1.D0 349.75D0 0.d0                                % RFACT EFACT VSHIFT 
0.600     1496.965  0.650     937.935  0.700     532.957  0.750     241.626  0.800     34.168  
0.850     -111.432  0.900     -211.500  0.950     -278.116  1.000     -320.234  1.050     -344.493  
1.100     -355.813  1.150     -357.840  1.200     -353.303  1.250     -344.210  1.300     -332.049  
1.350     -317.937  1.400     -302.664  1.450     -286.819  1.500     -270.824  1.550     -254.967  
1.600     -239.455  1.650     -224.426  1.700     -209.956  1.750     -196.101  1.800     -182.879  
1.850     -170.304  1.900     -158.369  1.950     -147.068  2.000     -136.369  2.050     -126.266  
2.100     -116.734  2.150     -107.749  2.200     -99.284  2.250     -91.327  2.300     -83.841  
2.350     -76.813  2.400     -70.218  2.450     -64.037  2.500     -58.245  2.550     -52.829  
2.600     -47.784  2.650     -43.097  2.700     -38.780  2.750     -34.852  2.800     -31.319  
2.850     -28.200  2.900     -25.470  2.950     -23.111  3.000     -21.059  3.050     -19.277  
3.100     -17.714  3.150     -16.340  3.200     -15.104  3.250     -14.000  3.300     -12.989  
3.350     -12.073  3.400     -11.226  3.450     -10.448  3.500     -9.726  3.550     -9.055  
3.600     -8.440  3.650     -7.863  3.700     -7.323  3.750     -6.821  3.800     -6.363  
3.850     -5.930  3.900     -5.535  3.950     -5.164  4.000     -4.819  4.050     -4.499  
4.100     -4.204  4.150     -3.928  4.200     -3.677  4.250     -3.445  4.300     -3.225  
4.350     -3.025  4.400     -2.843  4.450     -2.673  4.500     -2.516  4.550     -2.378  
4.600     -2.246  4.650     -2.121  4.700     -2.008  4.750     -1.908  4.800     -1.813  
4.850     -1.726  4.900     -1.644  4.950     -1.569  5.000     -1.500  5.050     -1.437  
5.100     -1.381  5.150     -1.330  5.200     -1.280  5.250     -1.236  5.300     -1.192  
5.350     -1.148  5.400     -1.111  5.450     -1.079  5.500     -1.042  5.550     -1.010  
5.600     -0.985  5.650     -0.954  5.700     -0.929  5.750     -0.904  5.800     -0.879  
5.850     -0.860  5.900     -0.835  5.950     -0.816  6.000     -0.797  6.050     -0.778  
6.100     -0.759  6.150     -0.740  6.200     -0.722  6.250     -0.703  6.300     -0.690  
6.350     -0.671  6.400     -0.653  6.450     -0.640  6.500     -0.621  6.550     -0.609  
6.600     -0.596  6.650     -0.584  6.700     -0.565  6.750     -0.552  6.800     -0.540  
6.850     -0.527  6.900     -0.515  6.950     -0.502  7.000     -0.489  7.050     -0.477  
7.100     -0.464  7.150     -0.452  7.200     -0.446  7.250     -0.433  7.300     -0.420  
7.350     -0.408  7.400     -0.395  7.450     -0.389  7.500     -0.377  7.550     -0.364  
7.600     -0.358  7.650     -0.345  7.700     -0.339  7.750     -0.326  7.800     -0.320  
7.850     -0.307  7.900     -0.301  7.950     -0.289  8.000     -0.282  8.050     -0.270  
8.100     -0.264  8.150     -0.257  8.200     -0.245  8.250     -0.238  8.300     -0.232  
8.350     -0.220  8.400     -0.213  8.450     -0.207  8.500     -0.195  8.550     -0.188  
8.600     -0.182  8.650     -0.176  8.700     -0.163  8.750     -0.157  8.800     -0.151  
8.850     -0.144  8.900     -0.138  8.950     -0.132  9.000     -0.126  9.050     -0.119  
9.100     -0.113  9.150     -0.107  9.200     -0.100  9.250     -0.088  9.300     -0.082  
9.350     -0.075  9.400     -0.069  9.450     -0.063  9.500     -0.063  9.550     -0.056  
9.600     -0.050  9.650     -0.044  9.700     -0.038  9.750     -0.031  9.800     -0.025  
9.850     -0.019  9.900     -0.013  9.950     -0.006  10.00     0.0000  
-1  1  0  0  23 1  -1 0                              % NLEV1 AUTO1 LCDC LXPCT NJM JDJR IWR LPRWF 
    0 0